Day_of_year,t2m
1,272.7349404098641
2,272.86982557508674
3,272.9964131151509
4,272.5257640871228
5,272.2791969494943
6,272.6141675639356
7,272.72489481868905
8,272.0664201394106
9,272.2118762937367
10,272.21949178581565
11,272.5551456549229
12,272.35651284242294
13,271.9587760207999
14,272.27803396893364
15,272.2020680484609
16,272.11447680872726
17,272.424118224576
18,272.6827317718766
19,273.0092729356554
20,272.93578412960744
21,273.06596463195285
22,272.9343223115318
23,273.00211700700277
24,272.8331299871461
25,272.4476854894916
26,272.5587116469685
27,272.4412646171374
28,272.97728321042837
29,273.39332465799447
30,272.9578694922293
31,272.8813120524088
32,272.8515091333633
33,273.101625282744
34,273.7984359089126
35,274.0133001343817
36,273.9410943186181
37,273.9876096937391
38,274.2836468297192
39,274.10986505492116
40,274.1381908449352
41,274.0080471462674
42,273.95150608160554
43,273.7307232979017
44,273.3691120636768
45,273.033835673536
46,273.0787984994742
47,273.02726510854865
48,273.17657867170806
49,273.3407523913262
50,273.9980950249566
51,274.2660616622012
52,274.3020028921274
53,274.3607027754824
54,274.4248742258447
55,274.4753258077507
56,274.874817337949
57,275.28297964242785
58,275.45991044003745
59,275.2990375225361
60,275.821877738757
61,275.8810160579845
62,276.1329805814303
63,276.66642489963107
64,275.891301812066
65,275.82185512444914
66,276.50680262899806
67,276.6758796105017
68,277.0548060229701
69,277.3446985489283
70,277.3439324794672
71,277.6709244426499
72,277.7733983488164
73,278.0551005045573
74,278.45105932512854
75,278.64526090703464
76,278.78772778633305
77,278.8279975304237
78,278.7290190607054
79,278.3100238767445
80,278.8164620163094
81,278.8205490764389
82,278.98722200312164
83,279.51748299883974
84,280.1537996732272
85,279.71323951655984
86,279.67815543932795
87,279.66587508764025
88,279.82554579514715
89,280.0004546336639
90,281.0196818555522
91,281.5587560669989
92,281.3581367949135
93,281.6069991413344
94,282.1900644416483
95,281.5961456559662
96,281.49480011768827
97,281.7383240528596
98,281.8986121022803
99,281.7333602774857
100,281.60481940375433
101,281.41664684328265
102,280.9281926081731
103,280.78428725544205
104,281.31877310989245
105,281.7990820469001
106,282.1104014600444
107,281.74813305455393
108,281.9210259070763
109,282.47751227484804
110,283.04058073646996
111,283.43397756723255
112,283.87332959297385
113,284.1585241073217
114,283.72244343553854
115,284.23197856153183
116,285.19870670677244
117,284.8189679528913
118,284.7302920610476
119,284.785885281033
120,284.9505216680021
121,286.1009198832716
122,286.4095943353115
123,286.1179782182743
124,285.9050999307225
125,285.55891358465215
126,286.06536627875437
127,286.391865787343
128,286.11095140245226
129,286.38261405749194
130,286.83369753584896
131,287.2491160596538
132,287.41154498238853
133,287.7935792841463
134,287.762445955195
135,287.596010309203
136,287.6881797073234
137,288.1054077409272
138,288.4057924710787
139,288.0295749762119
140,287.6916554508046
141,287.98851281842616
142,288.26517790443876
143,288.2578091352414
144,288.41414119361815
145,289.0715005727915
146,289.50508485451724
147,289.5289702325805
148,289.2623421171792
149,288.66973811744623
150,288.48641276563336
151,288.7379613110142
152,288.9670617780115
153,289.48417989616723
154,289.9022571009448
155,289.6666950193227
156,289.204932031876
157,289.44044831104765
158,289.64577978411296
159,290.0760906773755
160,290.610060810839
161,291.0680501562918
162,290.74332374507543
163,290.4064415043236
164,289.94780030861875
165,290.74121385884087
166,291.1024142795139
167,290.6227688259549
168,290.1596148890309
169,290.2048783522386
170,290.74676362388163
171,290.99253073146207
172,291.6523077288245
173,292.0116497333233
174,291.2817892482137
175,291.07640628651666
176,291.39779485718816
177,292.03703102046603
178,292.16170763847157
179,292.14982057229065
180,292.00949613131
181,292.2751561873999
182,292.5654753595336
183,292.45034031012113
184,292.68741089910526
185,292.6115143865601
186,292.42606031629776
187,292.4914350982406
188,291.9874188806256
189,291.79547445183124
190,291.93388708391757
191,292.0107001671424
192,292.2219894278763
193,292.2273920303735
194,292.8564679789746
195,292.5288451105102
196,292.7374072213458
197,293.2662004258898
198,293.30548807779945
199,293.039675303402
200,293.0525962894798
201,293.23200336684533
202,293.2363651634281
203,293.6614827995627
204,293.94425737429884
205,293.6896359696347
206,292.9836311796792
207,292.7220383342514
208,293.6155987600995
209,293.46614481608066
210,293.40141165969715
211,293.62064172467615
212,293.58811243823453
213,293.6134067894047
214,293.9014112945296
215,293.7333725366837
216,293.110457956689
217,292.86336229112413
218,292.714265115852
219,292.43803575303815
220,292.74348037589306
221,292.842375248314
222,292.9432651356755
223,292.63439863156043
224,292.77606477655917
225,292.99549850072617
226,292.9642377543653
227,293.0103622306106
228,293.1143947503506
229,293.11390811235475
230,292.88088089380506
231,293.03715262127736
232,293.1107127654247
233,292.1774094801682
234,292.15760618030515
235,292.0293351654314
236,291.8925856891861
237,291.32508670122195
238,291.3082380767562
239,291.41543109600366
240,290.60440835545194
241,290.1399794880142
242,289.5666500776242
243,289.59992610572755
244,289.70739730443705
245,289.57261154305235
246,289.61596632737377
247,289.1583938989883
248,288.79223862346424
249,288.726693334335
250,288.6640595786592
251,288.7991391956296
252,288.60600953713436
253,288.5463601397653
254,288.8091315375434
255,289.1499723776793
256,288.536092722314
257,287.873191142286
258,287.98279072036087
259,288.108546356462
260,287.58881311661156
261,287.49020317925346
262,287.3833117101947
263,287.93926498543505
264,287.95807398608605
265,288.0531122713008
266,288.07655029296876
267,287.3424368312216
268,286.79396659655447
269,286.9996216602815
270,286.7436435536441
271,286.15903020353403
272,286.2146211542635
273,286.36767338157716
274,286.5376708201873
275,286.5273806840947
276,286.1551683996478
277,285.69627077803653
278,285.4964848705846
279,285.7204382480719
280,285.75446555634846
281,285.13828774476667
282,284.761678138146
283,284.8438681838859
284,284.92119511009275
285,284.4520463470719
286,283.87028260842345
287,283.48413038987377
288,283.6600227812416
289,283.7055816911225
290,282.8342263767862
291,282.0023819360977
292,281.7841798961672
293,282.08827047755574
294,282.32958754841076
295,282.0791322626619
296,282.01137298844816
297,281.5540241469684
298,281.49930247771425
299,281.49845568012984
300,281.0494911650307
301,281.2788939647185
302,281.57636726575026
303,280.8689624232104
304,281.02724121615415
305,281.1137319189871
306,280.7117389124682
307,280.7244553786058
308,280.20917269714874
309,279.7364267202525
310,279.4745286207933
311,279.1536843845987
312,279.2278700608474
313,279.2156590649205
314,278.9075919909355
315,278.61487486749627
316,278.45353132720686
317,278.43336854592343
318,278.5316948263054
319,278.2014050605969
320,278.4907246646718
321,278.02227045042906
322,276.6631610055255
323,276.2534091264773
324,276.12364175910625
325,276.38156756539627
326,276.4989669669387
327,276.2353554489266
328,276.5716417100694
329,276.68665977543236
330,276.6942562005459
331,276.44417322925005
332,275.6602187458266
333,275.5689621362931
334,275.5779448419555
335,275.0855398063986
336,274.8608373136602
337,275.21778293185764
338,274.9976389567057
339,275.2610052385901
340,275.0257033649672
341,274.9070623674964
342,274.7073415642111
343,274.3716459616636
344,273.9048107179821
345,273.73839807754905
346,273.7261431832598
347,273.5134770059178
348,273.5871342063969
349,273.23629189515725
350,273.1795440673829
351,273.33383854271
352,273.4249800201156
353,273.76097855527183
354,273.3372120262211
355,273.5987087412777
356,273.5346065423427
357,273.6320462479551
358,272.9388302273221
359,273.0174531072633
360,272.7688599676148
361,272.2188771826589
362,272.643909395658
363,272.9340002076239
364,272.51930792392824
365,272.50961747128747
