Day_of_year,t2m
1,272.1467850383531
2,272.24928594083866
3,272.3982341277294
4,271.8429910643488
5,271.1254605545957
6,271.0249799418653
7,270.61000169281266
8,269.75133900438624
9,269.9256216456748
10,269.8377260387453
11,270.1030461498815
12,270.07887390658385
13,269.9500414334811
14,270.1407419057993
15,271.032967852731
16,271.0288610996344
17,270.9324307694394
18,270.9049018272987
19,270.9215723282252
20,271.4043206108941
21,271.4102761293069
22,272.08965233696836
23,272.85930700057594
24,272.98848104884485
25,272.5180158566206
26,272.55406350681926
27,272.609771232931
28,272.9940910926232
29,273.04725957365116
30,272.80342751527445
31,273.4022314609626
32,273.4379576332549
33,273.36071000058433
34,273.1244234264406
35,273.3210496429704
36,273.2308963873448
37,273.47960651104273
38,273.5680293417384
39,273.50032288640995
40,273.95611853966346
41,273.91432604667466
42,273.4750217796391
43,273.39018059102904
44,273.557954289363
45,273.40245144835905
46,273.27361888396433
47,272.74085502950555
48,273.1916925153162
49,273.5111304389105
50,273.99645336183727
51,274.1813301021217
52,273.72243615826994
53,273.752396751469
54,274.00795248960833
55,274.07040053147534
56,274.3894558115902
57,274.24115384093716
58,274.01009894477
59,273.78874608227324
60,274.58415759486013
61,274.80562013805417
62,274.94856434357473
63,275.2727783203125
64,275.6027359139206
65,275.7163011078141
66,275.77382906400237
67,275.593927836622
68,276.10666235247226
69,276.68262634277346
70,276.720454550197
71,276.2460600763305
72,276.38540114704364
73,276.8427862705328
74,277.08465886564335
75,277.4247219248715
76,277.39841775486616
77,277.5511549468734
78,277.81199802496496
79,277.67559777936367
80,278.1324461847289
81,278.4006021092081
82,278.6201333331247
83,278.89609526283715
84,279.35758899134447
85,279.63250844580494
86,280.340661699344
87,280.494052228357
88,279.7019848424145
89,279.813239333976
90,280.6277615017362
91,280.9791632497412
92,280.5858938624717
93,280.72244849571814
94,280.9604945516994
95,281.0771882668519
96,281.6678501226963
97,282.0110155936999
98,281.9435388809595
99,281.4581347082416
100,281.33311303293607
101,281.33638548239685
102,281.3137355706631
103,281.1062624417819
104,280.91341051933097
105,281.22743986732945
106,281.9243182060046
107,282.0650513216981
108,282.2699752938034
109,282.27362297905813
110,282.54842988364715
111,282.68555929069845
112,282.8582631429036
113,283.251664460011
114,282.74348869649765
115,282.8020721696381
116,283.3595484806941
117,283.20850071051177
118,282.62878764877973
119,282.96534666403744
120,283.57263269668965
121,284.28101874457457
122,285.0111510969635
123,284.82282644418564
124,285.1633133325821
125,285.13370309161326
126,285.75432645357586
127,286.0122993664864
128,285.3528588449853
129,285.63539749536756
130,285.87692474626067
131,285.81904296875
132,286.29103735247224
133,286.7130899282602
134,287.0875272049864
135,287.02397721771496
136,286.9427999382345
137,287.19875709990146
138,287.47735186193745
139,287.84462754991324
140,287.5590099628155
141,287.2828736916567
142,287.1266579391611
143,286.890164288904
144,287.0816768809262
145,287.6187485132462
146,287.7309306348491
147,287.6336627666767
148,287.6911542582714
149,287.8589980948684
150,287.7726578671708
151,287.92824198404946
152,287.9702506562583
153,288.10174693572213
154,288.49593902327064
155,288.8243936391977
156,288.7544578095786
157,289.01479932996955
158,289.0133889744424
159,288.94716536041
160,289.00615090916295
161,289.15198619875144
162,289.5430932721521
163,289.67264166937935
164,289.58460080399465
165,290.1727084689671
166,290.1612792707917
167,289.4104813013322
168,289.28236548268893
169,289.2938717051448
170,289.7712123773037
171,289.9326897776025
172,290.5318140796108
173,291.19414099016757
174,291.47466175046736
175,290.84705015003163
176,291.2199931087658
177,291.7460950280866
178,291.71259405674084
179,291.52139926486547
180,291.1676142244258
181,290.8148337339744
182,291.0366160857372
183,291.1332398504273
184,291.4603875575922
185,291.4058340741019
186,291.23092098399104
187,291.3247739090879
188,291.3014436901124
189,291.4735124376084
190,291.67133270002836
191,291.51255868765026
192,291.9351119082199
193,291.93559531187395
194,292.5246844430256
195,292.56149250258744
196,292.01937193259215
197,292.14063864161824
198,292.2243139283269
199,292.27145463992383
200,291.91668635963373
201,292.2650990543203
202,291.80401710445045
203,291.95877534263155
204,292.4939883240267
205,292.69414563301285
206,291.8870331853883
207,291.3754910721738
208,291.8800229586088
209,292.24174963796236
210,292.33006677872095
211,292.49271015917134
212,292.4292682615101
213,292.69623645228205
214,292.7943995288295
215,292.7101115691356
216,292.53713136330623
217,292.38209178957175
218,292.47510023850657
219,292.4685623038528
220,292.2003157917251
221,291.6422922770182
222,291.7066777677618
223,291.69569253513964
224,291.8781786013872
225,291.7777221418854
226,292.09486485668737
227,292.7344826201088
228,292.3141247089092
229,291.782176560622
230,291.0989930242555
231,290.81843585152905
232,291.08976367396167
233,290.61542152339575
234,290.11173103528137
235,289.95340951772846
236,289.52491590711804
237,289.4461158687233
238,289.43491560455067
239,289.98700491098253
240,289.69013611883184
241,289.8206508799496
242,289.74164207002036
243,289.4519714094635
244,289.533704839201
245,289.5929018982455
246,289.8334874862279
247,289.53287893442007
248,289.53432904104903
249,289.5144568810096
250,288.9320564204811
251,288.56919229621565
252,288.4721937652327
253,288.45711278670876
254,288.5198746640459
255,288.4431945279113
256,288.2732785999266
257,287.7413566915397
258,288.19522569444445
259,288.343305069361
260,287.6432273669121
261,287.84190872061964
262,287.4468099740835
263,287.4061588906834
264,287.6763228978867
265,287.66644169734076
266,287.4324998904497
267,286.823530069987
268,286.3539597992204
269,286.65551444811695
270,286.3846201578775
271,285.9299909281935
272,285.9541455391126
273,285.9947191026476
274,285.9419689211071
275,285.2359691391643
276,285.38138086041835
277,285.29324951171867
278,284.91552121415094
279,285.0658590202657
280,285.41886367145764
281,285.11253896859967
282,284.2117751162276
283,284.15156359550286
284,284.3832481188651
285,284.39339255308494
286,284.26914714585
287,283.8748596713075
288,283.7476248977531
289,283.3740828815689
290,282.79126766889533
291,282.4807973225912
292,282.1591533954327
293,281.82504723703755
294,281.0777311928252
295,280.9184344430256
296,281.1726836375701
297,281.12929212782115
298,280.9305245423928
299,280.53216581426113
300,280.4657758663862
301,280.6272003173828
302,280.55938394660626
303,280.36885941986344
304,280.28407819699015
305,279.78870458358375
306,280.0333865956364
307,280.14583059457624
308,279.6255780342298
309,279.50791876377207
310,279.3670327732706
311,278.5051528539414
312,278.6066375210754
313,279.3893021803636
314,279.4326507307525
315,278.47267774272166
316,278.0272643782135
317,278.2117362519615
318,277.5919769808777
319,277.28744652902986
320,277.236914845002
321,276.7676645914714
322,276.7293262449085
323,276.6674570197733
324,276.4469856718667
325,276.2753529084035
326,276.28829864762787
327,275.6002231695713
328,275.4507494021684
329,275.6846098549346
330,275.7524093497513
331,275.7014085296891
332,274.8474250989083
333,274.81607655582263
334,274.9193534655449
335,274.3797782180656
336,273.7587374173678
337,273.51648627387146
338,273.6591658632979
339,273.57880567240926
340,273.8477094862197
341,273.73013263930625
342,273.2185293605185
343,272.99085902026576
344,273.02387820512826
345,273.0787413507445
346,272.57730214697676
347,272.362357428135
348,272.78562585553556
349,272.4324165539864
350,272.8370682414781
351,273.1856924594977
352,273.05339759761455
353,273.21621153741825
354,272.92973163311297
355,272.76195263984874
356,272.7920531704895
357,272.1344085693359
358,272.0666582938952
359,272.30309242183324
360,272.3689341488047
361,272.32052854880305
362,272.79622221074555
363,273.3210613283337
364,272.70350795648034
365,272.37879688230333
